seq,sst3,len,has_nonstd_aa
MIETPYYLIDKAKLTRNMERIAHVREKSGAKALLALKCFATWSVFDLMRDYMDGTTSSSLFEVRLGRERFGKETHAYSVAYGDNEIDEVVSHADKIIFNSISQLERFADKAAGIARGLRLNPQ,CCCCCEEEEEHHHHHHHHHHHHHHHHHHCCEECEECCCCCCHHHHHHHHCCCCEEEECCHHHHHHHHHHCCCEEEEECCCCCHHHHHHHHHHCCEEEECCHHHHHHHCCCCCCCEEEEEECCC,123,FALSE
RLGEWDVPKVERVMDRINGFMIHNNCENKDFGLFDRMLGEIEERFGALIARVDWVSLGGGIHFTGDDYPVDAFSARLRAFSDRYGVQIYLEPGEASITKSTTLEVTVLDTLYN,CCCECCHHHHHCCCCCCCEEECCCCCCECCHHHHHHHHHHHHHHHHHHHHHCCEEECCCCECCCCCCCCHHHHHHHHHHHHHHHCCEEEECCCHHHHCCCEEEEEEEEEEEEC,113,FALSE
KNLAIVDSSIEAHMLDLLIYRETAKVLPNEGSHSYMICGKSCLAGDVFGEFRFAEELKVGDRISFQDAAGYTMVKKNWFNGVKMPAIAIRELDGSVRTVREFTYADYEQSLS,CEEEEECCCHHHHCHHHHHHCCCCCCCCCCCCEEEEEECCCCCCCCEEEEEEECCCCCCCCEEEECCCCCCCHHHCCCHHHCCCCEEEEECCCCCEEEEECCCHHHHHHCCC,112,FALSE
MTFSKELREASRPIIDDIYNDGFIQDLLAGKLSNQAVRQYLRADASYLKEFTNIYAMLIPKMSSMEDVKFLVEQIEFMLEGEVEAHEVLADFINEPYEEIVKEKVWPPSGDHYIKHMYFNAFARENAAFTIAAMAPCPYVYAVIGKRAMEDPKLNKESVTSKWFQFYSTEMDELVDVFDQLMDRLTKHCSETEKKEIKENFLQSTIHERHFFNMAYINEKWEYGGNN,CCHHHHHHHHHHHHHHHHHHCHHHHHHHCCCCCHHHHHHHHHHHHHHHHHHHHHHHHHHHHCCCHHHHHHHHHHHHHHHCCCCHHHHHHHHHCCCCHHHHCCCCCCCHHHHHHHHHHHHHHHHCCCCHHHHHHHCHHHHHHHHHHHHHHHCCCCCCCCCCHHHHHHHHHHCHHHHHHHHHHHHHHCCCCCHHHHHHHHHHHHHHHHHHHHHHHHHHHCCCCCCCCCC,227,FALSE
MENKKMNLLLFSGDYDKALASLIIANAAREMEIEVTIFCAFWGLLLLRDPEKASQEDKSLYEQAFSSLTPREAEELPLSKMNLGGIGKKMLLEMMKEEKAPKLSDLLSGARKKEVKFYACQLSVEIMGFKKEELFPEVQIMDVKEYLKNALESDLQLFI,CCCCEEEEEECCCCHHHHHHHHHHHHHHHHCCCEEEEEECHHHHHHHECHHHCCCCCCCHHHHHHHHHCCCCHHHCCCCCCCHHHHHHHHHHHHHHHHCCCCHHHHHHHHHHCCCEEEEEHHHHHHHCCCHHHECCCCEEECHHHHHHHHHHCCEEEEC,159,FALSE
PSKVALSYSKSLKAPETDSLNLPVDENGYITIFDGETFNGWRGYGKDRVPTKWTIEDGCIKFNGSGGGEAQDGDGGDLIFAHKFKNFELELEWKVAKGSNSGILYLAQEVTSKDKDGNDVLEPIYISAPEYQILDNANHPDAKLGKDNNRQSASLYDMIPAVPQNSKPFGEWNKAKIMVYKGTVVHGQNDENVLEYHLWTKQWTDMLQASKFSEDKWPLAFELLNNCGGENHEGFIGLQDHGDDVWFRNIRVKVLD,CCEEEEEECCCCCCCCCEEEEEEECCCCEEECCCCCCCCCEEECCCCCCCCCEEEECCEEEECCCCCHHHCCCCCCCEEEEEEECCEEEEEEEEECCCCEEEEEEEECCCEEECCCCCEEECCHHHCCCEEEEECCCCCHHHHCCCCCCCCCCCECCCECCCCCCCCCCCCCEEEEEEEECCEEEEEECCEEEEEEECCCHHHHHHHHCCCCCCCCCHHHHHHHHCCCCCCCCEEEEECCCCCCEEEEEEEEEECC,256,FALSE
NAERRLCAILAADMAGYSRLMERNETDVLNRQKLYRRELIDPAIAQAGGQIVKTTGDGMLARFDTAQAALRCALEIQQAMQQREEDTPRKERIQYRIGINIGDIVLEDGDIFGDAVNVAARLEAISEPGAICVSDIVHQITQDRVSEPFTDLGLQKVKNITRPIRVWQWVPDA,CCEEEEEEEEEEEECCCCHHHCCCCHHHHHHHHHHHHHCHHHHHHHCCCEEEEEECCEEEEEECCHHHHHHHHHHHHHHHHHHCCCCCHHHCCCEEEEEEEEEEEECCCCEECHHHHHHHHHHHHCCCCCEEEEHHHHHHHCCCCCCCCEEEEEEEECCEEEEEEEEEECCCC,173,FALSE
ISPNVLNNMKSYMKHSNIRNIIINIMAHELSVIN,CCHHHHHHHHHHCCCCHHHHHHHHHHHHHHHHHC,34,FALSE
TFLKAAFNKIDKDEDGYISKSDIVSLVHDKVLDNNDIDNFFLSVHSI,CHHHHHHHHHCCCCCCCECHHHHHHHCCCCCCCHHHHHHHHHHHHCC,47,FALSE
NHIKYINELFYKLDTNHNGSLSHREIYTVLASVGIKKWDINRILQALDINDRGNITYTEFMAGCYRWKNI,CHHHHHHHHHHHHCCCCCCCEEHHHHHHHHHHCCCCHHHHHHHHHHHCCCCCCEECHHHHHHHHCCCCCC,70,FALSE
FTLDERLERDGIPIGTLGLCQMRLMNDRRWPWLILVPQRADIKEVFELTPLDQAMLTFETNLVAAGLKKATGAEKINIGALGNIVRQLHVHVIARREGDPNWPGPVWGFGKAEPWPEEEHRTFAARIMENL,CCCCHHHHHHEEEEEECCCEEEEEECCCCCCEEEEEECCCCCCCHHHCCHHHHHHHHHHHHHHHHHHHHHHCCCEEEEECCCCCCCCCCEEEEEECCCCCCCCCCCCCCCCCCCCCHHHHHHHHHHHHHHC,131,FALSE
DYKTAFHLAPIGLVLSRDRVIEDCNDELAAIFRCARADLIGRSFEVLYPSSDEFERIGERISPVMIAHGSYADDRIMKRAGGELFWCHVTGRALDRTAPLAAGVWTFEDLS,CHHHHHHHCCCEEEEEECCEEEEECHHHHHHCCCCHHHHCCEEHHHHCCCHHHHHHHHHHHHHHHHHHCCEEEEEEEECCCCCEEEEEEEEEECCCCCCCCCEEEEEEECC,111,FALSE
ANFIEKITYLGTPAIKAGNEHLEMIVVPEWGSNVISLVDKTTNVQLLREPETAESFHDTPTLYGIPILFPPNRISDGTFSFRGRTYHFDINEKDKHNHLHGFLYHEKWNVVTTKQT,CEEEEEEEECCEEEEEEEECCEEEEEECCCCCEEEEEEECCCCEECECCCCCHHHHHHCCCCCCCCEEECCCEEECCEEEECCEEEECCCCECCCCEEECECCCCCCCEEEEEEEC,116,FALSE
EGVIVETEIDLSELPHVQKQFPHHAVVRMTYTIKENTLFKHATVMNKGKEAFPWGIGYHTTFIFPAESSLFSLTADQQWELDERLLPTGKLMDVPYKEALHEGMDLRHKQLDDVFLSSYQKRGGENQAVIYHQHAHISIIYKADEQFKHWVVYNADGKQGYLCPEPYTWVTNAVNLDLPSSLTGLQVLEPGEETTAKSSITIELN,CCEEEEEEEEHHHCHHHHHHCCCCEEEEEEEEEECCEEEEEEEEEECCCCCEEECCEECCCEECCCCCEEEEECEEEEEEECCCCCEEEEEEECCCHHHHHHCECCCCCCCEEEEEECHHHHCCCCEEEEEECCCCEEEEEEECCCCCEEEEECCCCCCCEEEEEEECCCCCHHHCCCCHHHHCCEEECCCCEEEEEEEEEEEEC,205,FALSE
IERLQDYLLPEWVSIFDIADFSGRMLRIRGDIRPALLRLASRLAELLNESPGPRPWYPHVASHMRRRVNPPPETWLALGPEKRGYKSYAHSGVFIGGRGLSVRFILKDEAIEERKNLGRWMSRSGPAFEQWKKKVGDLRDFGPVHDDPMADPPKVEWDPRVFGERLGSLKSASLDIGFRVTFDTSLAGIVKTIRTFDLLYAEAEK,CCEHHHCCCHHHHHHHHCCCHHHHHHHHHHCHHHHHHHHHHHHHHHHHCCCCCCCCEEEECCCCCCCCCCCCEEEEEEECCCCCCCCCCEEEEEEECCEEEEEEEECCCCHHHHHHHHHHHHHCHHHHHHHHHHHCCCEECHHHCCCCCCCCCECCCCHHHHHHHHHHCCCCCEEEEEEECCCCEHHHHHHHHHHCHHHHHHCCC,205,FALSE
AGLWDWNPKTGAMYLSPHFKKIMGYEDHELPDEIT,CEEEEECCCCCCEEECHHHHHHCCCCHHHCCCEEC,35,FALSE
ESIHPDDRARVLAALKAHLEHRDTYDVEYRVRTRSGDFRWIQSRGQALWNSAGEPYRMVGWIMD,CCECCCCHHHHHHHHHHHHHHCCCEEEEEEEECCCCCEEEEEEEEEEEECCCCCEEEEEEEEEC,64,FALSE
DLKIALIYGKTGPLEAYAKQTETGLMMGLEYATKGTMTLDGRKIVVITKDDQSKPDLSKAALAEAYQDDGADIAIGTSSSAAALADLPVAEENKKILIVEPAVADQITGEKWNRYIFRTGR,CEEEEEEECCCCCCHHHHHHHHHHHHHHHHHHCCCCCEECCEEEEEEEEECCCCHHHHHHHHHHHHHCCCCCEEEECCCHHHHHHHHHHHHHHCCCEEECCCCCHHHHCCCCCCCEEECCC,121,FALSE
YYYYDIPKNPINEWLVTEHQKRFNAPPDFFTAGGFSAAMAVVTAVQKAKSTDTEKLIAAMEGMEFDTPKGKMVFRKEDHQALQ,CCCCCCCCCHHHHHHHHHHHHHHCCCCCHHHHHHHHHHHHHHHHHHHHCCCCHHHHHHHHCCCEEEECCEEEEECCCCCEEEC,83,FALSE
NSSQDAISNAVAIGKQGVTIATLAQDYAFGRDGVAAFKEALAKTGATLATEEYVPTTTTDFTAVGQRLFDALKDKPGKKIIWVIWAGGGDPLTKLQDMDPKRYGIELSTGGNILPALAAYKRLPGMEGAT,CHHHHHHHHHHHHCCCCEEEEEEEECCHHHHHHHHHHHHHHCCCCCEEEEEEEECCCCCCCHHHHHHHHHHHCCCCCEEEEEECCCCCCCHHHHHHHCCHHHHCEEEEECCCCCCHHHHHHHCCCCEEEC,130,FALSE
SMYHFKVKVDPAVAWAVLEPVRELKIEEMN,CEEEEEEECCCCCCCCEEEEEEEECHHHCC,30,FALSE
IKSFLWTQSLRRELSGYCSNIKLQVVKDAQALLHGLDFSEVSNVQRLMRKERRDDNDLKRLRDLNQAVNNLVELKSTQQKSILRVGTLTSDDLLILAADLEKLKSKVIRTERPLSAGVYMGNLSSQQLDQRRALLNMIGM,CHHHHHHHHHHHHCHHHCCCCHHHHHHHHHHHHHHCCHHHHHHHHHHHCCCCEEHHHHHHHHHHHHHHHHHCCCECCCCCEEECECCECHHHHHHHHHHHHHHHHHHHHHHCHHHHCEECCCCCHHHHHHHHHHHHHCCC,140,FALSE
DGVVRVWDVKNAELLNNQFGTMPSLTLACLTKQGQVDLNDAVQALTDLGLIYTAKYPNTSDLDRLTQSHPILNMIDTKKSSLNISGYNFSLGAAVKAGACMLDGGNMLETIKVSPQTMDGILKSILKVKKALGMFISDTPGERNPYENILYKICLSGDGWPYIASRTSITGRAWENTVVDLE,CCEECCEECCCHHHHCCCCCCCHHHHHHHHHHHHCCCHHHHHHHHHHHHHHHCCCCCCHHHHHHHHHHCHHHHHCCCCCCCCCCCCCCCCHHHHHHHHHHCCCCCCCHHHCCECCCCHHHHHHHHHHHHHHHCCCCCCCCCCCCHHHHHHHHHHHCCCECCCCCECCCCCCCHHHHEEECCC,182,FALSE
GLTYSQLMTLKDAMLQLDPNAKTWMDIEGRPEDPVEIALYQPSSGCYIHFFREPTDLKQFKQDAKYSHGIDVTDLFATQPGLTSAVIDALPRNMVITCQGSDDIRKLLESQGRKDIKLIDIALSKTDSRKYENAVWDQYKDLCHMHTGVVVEKK,CCCHHHHHHHHHHHHHCCCCCCCEEEEECCCCCCCEEEEEECCCCEEEEEECCCCCHHHHHHHHHHCCCECHHHHCCECCCHHHHHHHCCCCCCEEEECCHHHHHHHHHHCCCCCCEEEECCCCHHHHCCCHHHHHHHHHHHCCCECCCEEECC,154,FALSE
HQQDVYVQIDRDGRHLSPGGTEYTLDGYNASGKKEEVTFFAGKELRKNAYLKVKAKGKYVETWEEVKFEDMPDSVQSKLK,CEEEEEEECCCCCEEECCCEEEEEEEEECCCCCEEEEEEEECCCCCCCCEEEEEEECCEEEEEEEECHHHCCHHHHHHHC,80,FALSE
KVTSSLLATGLLLDITSSSASKSFIYDELLAKQMAWGESMEDYQYNVFGRSGFGGYTTLINAQKMVESVSDDNVNAYDGLAHFIKAYKIFYMSMEMGDLPYEEALQGELGLVRPKYNTQKEVMNFILSDLETAYELFSTAKDFDGDPILGGSISKWKKATTAFQLKVLMHLSKKESDADLKVKERFARIVASGSLMESNEDNLQMKYA,CCCHHHHHHHHHHHHHCCCCCHHHHHHHHHCCCEEECCCCCHHHHCCCCECCCHHHHHHHHHHHHHHCCCCCCHHHHHHHHHHHHHHHHHHHHHHHCCECCCCHHHHHCCCCCCCCECHHHHHHHHHHHHHHHHHHHHCCCCCCCCCCCCCCHHHHHHHHHHHHHHHHHHCHHHCCCCCCCHHHHHHHHHHHCCCCCCHHHCEEECCC,208,FALSE
ANTVYPFHNTNTKHAGYAMLSTMLIDKFKATGDIRMFYYAKPAKAKLNEGVTADSWDAYIGTDPSLPFEQIEKAYATEQYSGFNARYTDYPSGEPVVRLGYAEQNFILAEAAVRGWISGDASAYYKKAIRAHMEFIASNTPDEEVYHHGHPITEEAIAAFLETPAIQLSGEKEADIEKILTQRYLASFMQHPYDVYYDYRRTGYPVLPINPATNRNTMNDRLPMRWMYPKSESDYNLEHQNEALERQFGGVDDVNKLMWILQ,CCCCCCCCCCCCCCHHHEEEEHHHHHHHHHHCCCCHHHHECCCHHHHHCCCCCCCHHHCCCECCCCCHHHHHHHHHCCCCCCECHHHCCCCCCCCEEEECHHHHHHHHHHHHHCCCCCCCHHHHHHHHHHHHHHHHHHCCCCCHHHHCCCCCCHHHHHHHHCCHHHCCCCCHHHHHHHHHHHHHHHCCCCCCCHHHHHHHHHCCCCCCCCCCCCCCCCCCCCCCCCECCHHHHHHCHHHHHHHHHHHHCCCCCCCCCCHHHC,262,FALSE
VTYTFLGPQGTFTEAALMQVPGAADATRIPCTNVNTALERVRAGEADAAMVPIENSVEGGVTATLDAIATGQELRIIREALVP,CEEEEECCCCCHHHHHHCCCCCHHHCEEEEECCHHHHHHHHHCCCCCEEEEEEECCCCCCHHHHHHHCCCCCCCEEEEEEEEC,83,FALSE
VTRFILVSRPGALPERTGADKTTVVVPLPEDHPGALMEILDQFASRGVNLSRIESRPTGQYLGHYFFSIDADGHATDSRVADALAGLHRISPATRFLGSYARADKQPAVVAPHTSD,CEEEEEEECCCCCCCCCCCEEEEEEEECCCCCCCHHHHHHHHHHCCCCCEEEEEEEECCCCCCCEEEEEEEECCCCCHHHHHHHHHHHHHCCCCEEEEEEECCCCCCCCCCCCCCC,116,FALSE
ITFVLVARPGVELSDIKRISTHGHAWAQCRLWVDEHLPNADYVPGSSTAASAMGLLEDDAPYEAAICAPLIAAEQPGLNVLAEDIGDNPDA,CCCEEEECCCCCHHHCCEEEECHHHHCCCHHHHHHHCCCCEEEECCCHHHHHHHCCCCCCCCCEEEECHHHHHHCCCCEEEECCCCCCCCC,91,FALSE
TVDPANIDYTPENASSWHNYMRNVAALLKTDATNLYNAWNSSYKGGESYA,CCCHHHCCCCCCCHHHHHHHHHHHHHHHHHHHHHHHHHHHCCCCCCCCCC,50,FALSE
VDAVVVPTYKSLKEKNDALYNAVIVLADNPSNSAFETACDAWITAREPWEKSEAFLFGPVDEMGLDPNMDSWPLDQNAIVQILNSQSWSDLEWSEGDDEAAVESAQNVRGFHTLEFLLYKNGEPRKVQ,CCCCHHHHHHHHHHHHHHHHHHHHHHHHCCCHHHHHHHHHHHHHHHHHHHCCHHHCCCHHHHCCHHHHHHCCCCCHHHHHHHHHHCCHHHHCCCCCCCHHHHHHHHCCCHHHHHHHHHEECCEECCCC,128,FALSE
SLFKAHSGSPYASALSCVEEIVDKCAEIANEVGTAKIGDPYNLYKAGNTEEALYAVESWYSWHSRDDYTNNIYSIRNAYYGSLDGNINANSLSTVIAGANSSLDTKIKNAIQKAAKAIQDIPQPFRNHIPSNETVAAMDACAELESILKNDLKSYIANNSNNINTDAVLNPVVTQY,CHHHHCCECCECCHHHHHHHHHHHHHHHHHHHHHCCCHHHHHHHHCCCHHHHHHCCCCHHHCCHHHHHHHHHHHHHHHHHCCCCCCCCCCCHHHHHHHHCHHHHHHHHHHHHHHHHHHHCCCCCHHHCCCCHHHHHHHHHHHHHHHHHHCHHHHHHHCHHHCCCCHHHHHHHHHHC,176,FALSE
FALCIVRNDYVIVKVNEYFESRVIFD,CEEEEEECCCEEEEECHHHHHCCCCC,26,FALSE
TMQGKNILELFPESADYLKRKIDTALVIESSSFSS,CCCCCEHHHHCHHHHHHHHHHHHHHHHHCCCEEEC,35,FALSE
EQMYQNLEVIPIHSEDGTIEHVCLCVYDVTIQ,CCEEEEEEEEEEECCCCCEEEEEEEEEEEECC,32,FALSE
SKPYMIMNATQIRNMRSVLKSGMKVYFQLGADIDMAGIDDWQSLNGSGDFPYEIDFDGDSHVIKNFKCSAGDYPSFFGVLCGDCRNVGFVNASVSSARQGIGIITGYLGLKDKGNGNKTGRIVNCYTTGEVIGSGAAGGIAGVLANSYDGQESYIKNCYSNATVSDRAASGGKAGGIAGRKVGVGGFIENCYAYGAVSATKGGVGGILGQIDKSCDIAIKNSAAWSNLTGVDASSTVGRIVGVSASLGSYENCYACESIVLKVNEKTITASDESSATGTTFHGVAK,CCCEEECCHHHHCCHHHHCCCCCCEEEEECCCEECCCCCCCCCCCCCCCCCCCEEEEEEEEEEECCEECCCCCCCCCCEECEEEEEEEEEEEEEECCCCCEECCEEEECCCCCCCHHHCEEEECCEEEEEEEECCCEECCEEEECCCECCECCEEEEEEECCEEEECCCCCEEEECCEEEECCCCCEEEEEEECCCEEECCEEEECCEEEECCCCCEEEEEEEECCCEEECCCCCEEECCEEECHHHEEEEEEEECCCCCEEECCEEECCCCCCCCCCCCECCEEC,286,FALSE
SAEELGNIIVAWNPNLWKKGTNGYPIFQWSE,CHHHHHHHHHHHCCCCEECCCCCCCEECCCC,31,FALSE
NLRWTSEAKTKLKNIPFFARSQAKARIEQLARQAEQDIVTPELVEQARLEFGQ,CCEECHHHHHHHHCCCHHHHHHHHHHHHHHHHHCCCCEECHHHHHHHHHHHHC,53,FALSE
ALPEILVTEDHGAVGQEMCCPICCSEYVKGEVATELPCHHYFHKPCVSIWLQKSGTCPVCRCMFPPPL,CCCEEECCCCCCCCCCCCEECCCCEECCCCCEEEEECCCEEEEHHHHHHHHCCCCECCCCCCECCCCC,68,FALSE
MTDLVAVWDVALSDGVHKIEFEHGTTSGKRVVYVDGKEEIRKEWMFKLVGKETFYVGAAKTKATINIDAISGFAYEYTLEINGKSLKKYM,CCCEEEEEEEEECCEEEEEEEEECCCCCCEEEEECCEEEEEECCCCCCCEEEEEEECCCCEEEEEEEEEECCCEEEEEEEECCEEEEECC,90,FALSE
TVNTMTATIENQGNKDSTSFNVSLLVDGIVVDTQTVTSLESENSTNVDFHWTL,CEEEEEEEEEECCCCCECCEEEEEEECCEEEEEEEECCECECCEEEEEEEEEC,53,FALSE
ANSYTLTVNVDPENAVNEGNESNNTLTALVGT,CCEEEEEEEECCCCCCCCCCHHHCEEEEEEEC,32,FALSE
LDADEEVYSALVVGLRAYVAKNGFRSVLIGLSGGIDSALVAAIACDALGAQNVYGVSMPSKYSSDHSKGDAAELARRTGLNFRTVSIEPMFDAYMASLGLTGLAEENLQSRLRGTTLMAISNQEGHIVLAPGNKSELAVGYSTLYGDSVGAYGPIKDVYKTSIFRLAEWRNRAAAERGQTPPIPEASI,CCHHHHHHHHHHHHHHHHHHCCCCCCEEEECCCCHHHHHHHHHHHHHHCHHHEEEEECCCCCCCHHHHHHHHHHHHHHCCEEEECCCHHHHHHHHHHHCCCCHHHHHHHHHHHHHHHHHHHHHHCCEEECCCCHHHHHHCCCCCCCCCCCCECCCCCCCHHHHHHHHHHHHHHHHHCCCCCCCCCCCC,188,FALSE
PDYPVLDAILELYVDRDTGADAIVAAGYDRELVVKTLRMVDTAEYKRRQYPPGTKISAKGFGKDRRLPITNRWREGH,CCHHHHHHHHHHHHCCCCCHHHHHHCCCCHHHHHHHHHHHHHCHHHHHCCCCCCCCCCCCCCCCCCCCCCCCCCCCC,77,FALSE
GSCKGRCFELQEVGPPDCRCDNLCKSYSSCCHDFDELCLK,CCCCCCCCCCCCCCCCCCECCCCCCCCCCECCCHHHHCCC,40,FALSE
TARGWECTKDRCGEVRNEENACHCSEDCLSRGDCCTNYQVVCKGE,CECCCCCCHHHCCCCCCCCECCECCCCCHHHCCECCCHHHHHCCC,45,FALSE
SHWVDDDCEEIKVPECPAGFVRPPLIIFSVDGFRASYMKKGSKVMPNIEKLRSCGTHAPYMRPVYPTKTFPNLYTLATGLYPESHGIVGNSMYDPVFDASFHLRGREKFNHRWWGGQPLWITATKQGVRAGTFFWSVSIPHERRILTILQWLSLPDNERPSVYAFYSEQPDFSGHKYGPFGPEMTNPLREIDKTVGQLMDGLKQLRLHRCVNVIFVGDHGMEDVTCDRTEFLSNYLTNVDDITLVPGTLGRIRAKSI,CCHHHCCCCCCCCCCCCCCCCCCCEEEEEEECCCHHHHHHHHHCCHHHHHHHHHCEECCCEECCCCCCHHHHHHHHHHCCCHHHHCCCCCCEEECCCCEEECCCCCHHHCHHHCCCCCHHHHHHHCCCCECCCCCCCCCCHHHHHHHHHHHCCCCCCCCCCEEEEEEEEEHHHHHHHCCCCHHHHHHHHHHHHHHHHHHHHHHHCCCCCCCEEEEEECCCCEECCCCCEEEHHHCCCCHHHEEEECECEEEEEECCC,257,FALSE
YDPKTIIANLTCKKPDQHFKPYMKQHLPKRLHYANNRRIEDIHLLVDRRWHVARKP,CCHHHHHHHCCCCCCCCCEEEEEHHHCCHHHCCCCCCCCCCEEEEECCCCEEECCC,56,FALSE
CFFQGDHGFDNKVNSMQTVFVGYGPTFKYRTKVPPFENIELYNVMCDLLGLKPAPNNGTHGSLNHLLRTNTFR,CCCCEECCCCCCCHHHCECEEEECCCECCCEECCCEEHHHHHHHHHHHHCCCCCCCCCCCCCCHHHECCCCCC,73,FALSE
PTMPDEVSRPNYPGIMYLQSEFDLGCTCD,CCCCCCCECCECCCCCCCHHHCCCCCCCC,29,FALSE
MPLEWRAGASSDEINAIIRAVYRQVLGNDYVMSTERLTSAESLLRGGEISVRDFVRAVALSELYREKFFHNNAHNRFIELNFKHLLGRAPYDQAEVAAHAATYHSHGYDADINSYIDSAEYTESFGDNVVPYFRG,CCCECCCCCCHHHHHHHHHHHHHHHHCCCCCCCCCCCHHHHHHHHCCCCCHHHHHHHHHHCHHHHHHHCCCCCHHHHHHHHHHHHCCCCCCCHHHHHHHHHHHHHCCHHHHHHHHHCCCCCCCCCCCCECCCCCC,135,FALSE
KRGFPAVLDENTEILILGSLPSDESIRKQQY,CECCCCECCCCCCEEEEECCCCHHHHHHCCC,31,FALSE
DFWRLVGHAIGENLQDMAYEKKLKTLKHNRIGLWDVFKAGS,CHHHHHHHHHCCCCCCCCHHHHHHHHHHCCEEEEECEEECC,41,FALSE
GDEEINDFSGLKEMVPKLRLICFNGRKAGEYEPLLRGMGYETKVLPSSS,CCCEECCCCCHHHHCCCCCEEEEECHHHHCCHHHHHHHCCEEEEECCCC,49,FALSE
MMDYGIDIWGNENFIIKNGKVCINYEKKPAIIDIVKELRDDGYKGPLLLRF,CCCCCCCCCCHHHEEECCCCEEECCCCCCEHHHHHHHHHHCCCCCCEEEEC,51,FALSE
EVQERYLVNFSLFQSMPDFWGLEQNFPIMPLDRLDEEPTRSASIWDITCDSDGEISYSKDKPLFLHDVDVEKENYFLGFFLVGAYQEVLGMKHNLFTHPTEAIISINEKGYEVEGIIEA,CCCEEEEECCCCCCCCHHHHHCCCCCCEEECCCCCCCCCCEECCEECCCCCCCECCCCCCCCCECCCCCCCCCCCEEEECCCCCCCCCCCCCCCCCCCCEEEEEEECCCCEEEEEEECC,119,FALSE
PHLIQKQIENIYGNFNKARKEFGYKGGFNAVYPLKVNQYPGFVKNLVKLGKDYNYGLEAGSKAELLLAMAYNNEGAPITVNGFKDRELINIGFIAAEMGHNITLTIEGLNELEAIIDIAKERFKPKPNIGLRVRLHSA,CHHHHHHHHHHHHHHHHHHHHCCCCCCEEEEEEHHHCCCHHHHHHHHHHCHHHCCEEEECCHHHHHHHHHHCCCCCEEEECCCCCHHHHHHHHHHHHCCCEEEEEECCHHHHHHHHHHHCCCCCCCCEEEEEECCCCC,138,FALSE
KFGLTSTELIEAVNLLKENKLLEQFTMIHFHLGSQITEIHPLKKALNEAGNIYTELRKMGAKNLKAINLGGGLAVEYSQFKNEKSRNYTLREYANDVVFILKNIAEQKKDLEPDIFIESGRFVAANH,CCCECHHHHHHHHHHHHHCCCCCCEEEEECCCCCCECCCHHHHHHHHHHHHHHHHHHHCCCCCCCEEEEECCECCCCCCCCCCCCCCCCHHHHHHHHHHHHHHHHHHCCCCCCEEEECCCHHHHCCC,127,FALSE
EYAENKLILKKQNPKLIDELYDLYKSIKPSNALEYLHDSIDHLESILTLFDLGYVDLQDRSNAEILTHLITKKAILLLG,CCCHHHCCCCCCCCHHHHHHHHHHHHCCCCCHHHHHHHHHHHHHHHHHHHCCCCCCHHHHHHHHHHHHHHHHHHHHHCC,79,FALSE
QSILDTLEDLDYDIHAIMDILNERISNSKLVNDKQKKHILGELYLFLNDNGYLKSI,CCHHHHHHHCCCCHHHHHHHHHHHHHCCCCCCHHHHHHHHHHHHHHHCCCCCCCCC,56,FALSE
HFHYTVTDIKDLTKLGAIYDKTKKYWVYQGKPVMP,CCCCCHHHHHHHHHHCCEEECCCCEEEECCEECCC,35,FALSE
DQFTFELLDFLHQLTHLSFSKMKALLERSHSPYYMLNRDRTLKNITETCKACAQVNASKS,CHHHHHHHHHHHHHHCCCHHHHHHHHHHHCCCCCCCCHHHHHHHHHHHCHHHHHHHCCCC,60,FALSE
QYVSFKAPIASGSDGVTTIYVRYKDNGKVTYQLPIIVSGSTVNSQDRDIHIAVDKDTLKTLNIERFSLYRPELWYTEMEEDKYEFPETVHIPAGSCVELLNIDFNLQDIDMLEKWVLPLTIVDDGSYAYQ,CEEEECCCCCCCCCCCEEEEECCCCCCEEEEEEEEEEECCCCCCCCEEEEEEECHHHHHHHHHHHHCCCCHHHCCEECCHHHEECCCEEEECCCCCEEEEEEEEECCCCCCCCCEEEEEEEEECCCCCCC,130,FALSE
NNYSGSYTASSMKVYTYINGKPDTNARTTDKRTGYVVDNNSIFFYAGLINEDMDKDMRKKYKINVHFKEDGTLDMKQDDPSNEMEFELIGTPTYSSTSVMDATRPYLERRYVQIMFEYDFQDFTYGGSGTEVIPIKYRVAGSMTLLRNINTQIPDEDQQIEW,CCCCEEEECCCEEEEEEECCEEEEEEECCCEEEEEEEECCEEEEECCCCCCCCCHHHHHHHEEEEEECCCCEEEEEECCCCCCCCCEECCCCEEEEEEEECCCCCCEEEEEEEEEEEEEEEECCCCCCCCCCCCEEEEEEEEEEEEEEEECCCCCCCCCECC,162,FALSE
FEIEEHLLTLSENEKGWTKEINRVSFNGAPAKFDIRAWSPDHTKMGKGITLSNEEFQTMVDAF,CEEEEEEEEEEECCCCCEEEEEEEECCCCCCEEEEEEECCCCCCEEEEEEECHHHHHHHHHHC,63,FALSE
VFKRVAGIKDKAAIKTLISAAYRQIFERDIAPYIAQNEFSGWESKLGNGEITVKEFIEGLGYS,CCCCCCCCCCHHHHHHHHHHHHHHHCCCCCCHHHHHHHCHHHHHHHHHCCCCHHHHHHHHHHC,63,FALSE
NLYLKEFYTPYPNTKVIELGTKHFLGRAPIDQAEIRKYNQILATQGIRAFINALVNSQEYNEVFGEDTVPY,CHHHHHHCCCCCHHHHHHHHHHHHCCCCCCCHHHHHHHHHHHHHCCHHHHHHHHHCCHHHHHHCCCCCCCC,71,FALSE
RQKYAMKPGLSALEKNAVIKAAYRQIFERDITKAYSQSISYLESQVRNGDISMKEFVRRLAKSPLYRKQFFEPFINSRALELAFRHILGRGPSSREEVQKYFSIVSSGGLPALVDALVDSQEYADYFGEETVPY,CCCCECCCCCCHHHHHHHHHHHHHHHCCCCCCCCCCCHHHHHHHHHHHCCCCHHHHHHHHHCCHHHHHHCCCCCCHHHHHHHHHHHHCCCCCCCHHHHHHHHHHHHHCCHHHHHHHHHCCHHHHHCCCCCECCC,134,FALSE
RIEAKRASDMGKSVMETVIAFANEPGLDGGYLLLGVDWAINDKGDTVYRPVGLPDPDKVQRDLASQCASMLNVALRPEMQLEQVGGKTLLVVYVPEADVTHKPIYKK,CEEEECHHHCCHHHHHHHHHHHHCCCCCCEEEEECEEEEECCCCCEEEEECCCCCHHHHHHHHHHHHHHHECCCCCCEEEEEEECCEEEEEEEECCCCCCCCCCCEC,107,FALSE
QHLLVGGSGWNKIAIINKDTKEIVWEYPLEKGWECNSVAATKAGEILFSYSKGAKMITRDGRELWNIAAPAGCEMQTARILPDGNALVAWCGHPSTILEVNMKGEVLSKTEFETGIERPHAQFRQINKNKKGNYLVPLFATSEVREIAPNGQLLNSVKLSGTPFSSAFLDNGDCLVACGDAHCFVQLNLESNRIVRRVNANDIEGVQLFFVAQLFPLQNGGLYICNWQGHDREAGKGKHPQLVEIDSEGKVVWQLNDKVKFGMISTICPIRE,CEEEEECCCCCEEEEEECCCCEEEEEEECCCCCCCCEEEECCCCCEEEECECEEEEECCCCCEEEEEECCCCCEEEEEEECCCCCEEEEEECCCEEEEEECCCCCEEEEEEECCCCCCHHHCCCCCEECCCCCEEEEECCCCEEEEECCCCCEEEEEECCCCCCEEEECCCCCEEEECECCCEEEEECCCCCCEEEEEEHHHCECCCCCEEEEEEECCCCCEEEEEECCCCCCHHHCCCCCEEEECCCCEEEEEECCCCCCCCCCEEEEECC,272,FALSE
MLKEKAGALAGQIWEALNGTEGLTQKQIKKATKLKADKDFFLGLGWLLREDKVVTSEVEGEIFVKLV,CHHHHHHHHHHHHHHHHCCCCCEEHHHHHHHHCCCCHHHHHHHHHHHHHCCCEEEEEECCEEEEEEC,67,FALSE
KKIVGANAGKVWHALNEADGISIPELARKVNLSVESTALAVGWLARENKVVIERKNGLIEIYNE,CHHHHHHHHHHHHHHHHCCCECHHHHHHHHCCCHHHHHHHHHHHHCCCCEEEEEECCEEEEEEC,64,FALSE
VEKKKYLDSEFLLHCISAQLLDMWKQARARWLELVGKEWAHMLALNPERKDFLWKNQSEMNSAFFDLCEVGKQVMLGLLGKEVALPKEEQAFWIMYAVHLSAACAEELH,CCHHHHHCHHHHECCECHHHHHHHHHHHHHHHHHHHHHHHHHHHHCCCCCCCCCCCCCHHHHHHHHHHHHHHHHHHHHHCCCCCCHHHHHHHHHHHHHHHHHHHHHCCC,109,FALSE
MKDGTYYAEADDFDESGWKDTVTIEVKNGKIVSVDWNAINKDGGDDKDTLSRNGGYKMVEYGGAQAEWHEQAEKVEAYLVEKQDPTDIKYKDNDGHTDAISGATIKVKKFFDLAQKALKDAEK,CCCCEEEEECCCCCCCCEEEEEEEEEECCEEEEEEEEEEECCCCCCHHHHHHHCCCCCCCCCCCCCCCCCCHHHHHHHHHHHCCCCCCCCCCCCCCCCCCCCCCCCCHHHHHHHHHHCCCCCC,123,FALSE
MKLETIDYRAADSAKRFVESLRETGFGVLSNHPIDKELVERIYTEWQAFFNSEAKNEFMF,CECCEEECCCCCHHHHHHHHHHHHCEEEEECCCCCHHHHHHHHHHHHHHHCCHHHHHHEC,60,FALSE
KEYYHVYPWGRIPDSLRANILAYYEKANTLASELLEWIETYSPDEIKAKFSIPLPEMIANSHKTLLRILHY,CEEEEECCCCCCCHHHHHHHHHHHHHHHHHHHHHHHHHHHCCCHHHHCCCCCCHHHHHCCCCCCEEEEEEC,71,FALSE
RAAAHEDINLITVLPTANEPGLQVKAKDGSWLDVPSDFGNIIINIGDMLQEASDGYFPSTSHRVINPEGTDKTKSRISLPLFLHPHPSVVLS,CEEEECCCCCEEEEECCCCCCEEEECCCCCEEECCCCCCCEEEEECHHHHHHCCCCCCCCCEEECCCCCCCCCCCCEECCEEECCCCCCCCC,92,FALSE
RYEASFKPLNGGLEKTFRLQAQQYHALTVGDQGTLSYKGTRFVGFVS,CCEEEEEECCCCCCEEEECCHHHHCCCCCCCCEEEEEECCEEEEEEC,47,FALSE
QEIRPMPADSAYGVVHISVCNLREEGKFTSGMSTQALLGMPVKVLQYNGWYEIQTPDDYTGWVHRMVITPMSKERYDEWNRAEKIVVTSHYGFAYEKPDESSQPVSDVVAGNRLKWEGSKGHFYQVSYPDGRKAYLSKSISQPEAGWRASLKQDVESIIETAYSMMGIPYLWAGTSSKGVD,CCECCCCHHHCEEEECCCEEEEECCCCCCCCEEEEEECCCEEEEEEECCEEEEECCCCCEEEEEHHHEEEECHHHHHHHHHCCEEEECCCEEEEECCCCCCCCEEEEEECCCEEEEEEEECCEEEEECCCCCEEEEECCCEEEHHHHHHHCCCCHHHHHHHHHCCCCCEECCCCEECCEEC,181,FALSE
SGLVRTVLFMHDIIIPRDASQQAYVGEHIDIAPDFSNVKRGDLVFFGRKATAERKEGISHVGIYLGNKQFIHALGDVHVSSMNPADQNYDEFNTKRLLFAVRFLPYINKEKGMNTTNKNPFYQ,CHHHHHHHHCCCEECCCCHHHHCCCCEEECCCCCCCCCCCCCEEEEEECCCCCCCCEEEEEEEEEECCEEEEECCEEEEEECCCCCCCECHHHHCCEEEEEECHHHCCCECCEEECCCCCCCC,123,FALSE
GERNYNKWAESYIKYNLSNLKIEKEDLTIYFDNLQVSGNACVSIRKGKQINSFEYIIKFEWLYSKKKEGKDYFGGSVEIPDFSTFSLEENDYAINIERTDESENLRFIYDSILKKEGKEKIKECLKNFQEDLLKHDKNESNKE,CCEECHHHHHHHHHHHHHCCCEECCCEEEEEEEEEEEEEEEEEEECCEEEEEEEEEEEEEEEEEECCCCEEEEEEEEEEEEEEHHHHHCCCCCCEEEECCCCHHHHHHHHHCCCCHHHHHHHHHHCCHHHHHHHHHHHHHHHC,143,FALSE
INQYRRRLQQLSETDIAVWLYGAPGTGRMTGARYLHQFGRNAQGEFVYRELTPDNAPQLNDFIALAQGGTLVLSHPEHLTREQQYHLVQLQSQEHRPFRLIGIGDTSLVELAASNHIIAELYYCFAMTQIACLPL,CHHHHHHHHHHCCCCCCEEEECCCCCCHHHHHHHHHHCCCCCCCCCEEEECCCCCCCCHHHHHHHHCCCCEEEECHHHCCHHHHHHHHHHHHCCCCCCCEEEEECCCHHHHHHHCCCCHHHHHHHHHHEEECCCC,135,FALSE
QNIQQTTEVPAKLGTKFGMRYQLSGKQEGDTPLTLLYLTPGVVTPDGQRHDKFEVVQKLVPGAPTDVMAYEFTEPHEVVKGEWRLMVFQGDRLLAEKSFDVR,CCEEECCEECCCCCCEEEEEECEECCCCCCCCEEEEEEEEEEECCCCCEEEEEEEEECCCCCCCCEEEEEECCCHHHCCCEEEEEEEEECCEEEEEEEEEEC,102,FALSE
DEDATITYVDDDKGGAQVGDIVTVTGKTDDSTTYTVTIPDGYEYVGTDGGVVSSDGKTVTITFAADDSDNVVIHLKHG,CEEEEEEEEECCCCCEEEEEEEEEEECCCCEEEEECCCCCCEEEEEEECCEECCCCCEEEEECCCCCCCCEEEEEEEC,78,FALSE
NTKVIAHRGYWKTEGSAQNSIRSLERASEIGAYGSEFDVHLTADNVLVVYHDNDIQGKHIQSCTYDELKDLQLSNGEKLPTLEQYLKRAKKLKNIRLIFELKSHDTPERNRDAARLSVQMVKRMKLAKRTDYISFNMDACKEFIRLCPKSEVSYLNGELSPMELKELGFTGLDYHYKVLQSHPDWVKDCKVLGMTSNVWTVDDPKLMEEMIDMGVDFITTDLPEETQKILHSR,CCEEEECCCCCCCCCCCCCCHHHHHHHHHCCCCEEEEEEEECCCCCEEECCCCEECCEEHHHCCHHHHCCCECCCCCECCEHHHHHHHHHHCCCCEEEEEECCCCCHHHHHHHHHHHHHHHHHCCCHHHEEEEECCHHHHHHHHHHCCCCCEEECCCCCCHHHHHHCCCCEEEEEHHHHHHCCCHHHHHHHCCCEEEEECCCCHHHHHHHHHHCCCEEEECCHHHHHHHHHHC,233,FALSE
YQTVYFANQYGLRTIELGESEFVDNTLDNQHKMVIKAAWGGGYTNRNNVVINFKVDESLCDNLYFKDTDQPLVPMPASYYTLASDRIAIPKGQIMAGVEVQLTDDFFADEKSISENYVIPLLMTNVQGADSILQGKPVVENPVLTNAGDWSILPQNFVLYAVKYV,CCEEECCCCEEEEEECCCCCCCCCCHHHHCCEEEEEEEEECCCCCCCCEEEEEEECHHHHCCCECCCCCCECEECCHHHEEECCCEEEECCCCCEEEEEEEECHHHHHCHHHHCCCEEEEEEEEEEECCCEECCCEECCCCCCCCCHHHEEECCCCEEEEEEEEC,165,FALSE
NPWHGEYLRRGIDHATVAGTSKDIIRHEQFVENDEVVNISTKSMKDNLLTLKTKDESGKDISYTVRLSFAEDGSCTVHSGSQNVVVSGSGKFVSKGEKNSLGGKDRNAIYLDYTVNLTDNNIQLATKDTLVLRTR,CCCCEEEEEEEEEEEEECCEEEEEEECCCCHHHCEEEEEEECCCCEEEEEEEEECCCCCEEEEEEEEEECCCCEEEEEECCCCCEEEEEEEEEEEEECCCHHHCCEEEEEEEEEEEECCCCEEEEEEEEEEEEEC,135,FALSE
LSKSVPVKLELTGDKASNVSSISYSFDRGHVTIVGSQEAMDKIDSITVPVDISQVTEDTSKTLELKAEGVTVQPSTVKVNLKVTQK,CEEECCEEEEEECCCCCCEEEEEEEECCCCCEEEECHHHHHHCCCEEEEEECCCCCCCEEEEEECCCCCEEEECCEEEEEEEEEEC,86,FALSE
TSAIDPVSFSLYAKDFTRFAQELGASFERYGFAVLSDYDLDQARIDAAVDSAKAFFALPVETKKQYAGVKGGARGYIP,CCCCCCEECHHHHHCHHHHHHHHHHHHHHHCEEEEECCCCCHHHHHHHHHHHHHHHCCCHHHHHHHECCHHHCCEEEC,78,FALSE
EFWHMGRDLPPGHRFRAHMADNVWPAEIPAFKHDVSWLYNSLDGMGGKVLEAIATYLKLERDFFKPTVQDGNSVLRLLH,CEEEECCCCCCCCHHHHCCCCCCCCCCCCCHHHHHHHHHHHHHHHHHHHHHHHHHHCCCCCCCCHHHHCCCCCEEEEEC,79,FALSE
AGAHGDINTITLLLGAEEGGLEVLDRDGQWLPINPPPGCLVINIGDMLERLTNNVLPSTVHRV,CCCECCCCCEEEEECCCCCCCEEECCCCCEEECCCCCCCEEEEECHHHHHHCCCCCCCCCEEC,63,FALSE
YSTPFFLHFASDYEIKTLQNCVTAENPDRYPESI,CECCEEECCCCCCCCCCCHHHCCCCCCCCCCCCC,34,FALSE
DAVMVFARQGDKGSVSVGDKHFRTQAFKVRLVNAAKSEISLKNSCLVAQSAAGQSFRLDTVDEELTADTLKPGASVEGDAIFASEDDAVYGASLVRLSDRCK,CCCEEEEEEEEEEEEEECCEEEEEEEEEEEEECCCCCCEECCCCEEEEEECCCCEEEEEEECHHHHCCEECCCCEEEEEEEEEECCCHHHHEEEEEEECCCC,102,FALSE
MPTETFFNLPEEKRSRLIDVLLDEFAQNDYDSVSINRITERAGIAKGSFYQYFADKKDCYLYL,CCCHHHHCCCHHHHHHHHHHHHHHHHHCCHHHCCHHHHHHHHCCCCCHHHHCCCCHHHHHHHC,63,FALSE
DMFAYLRWLLDVGIQFQFHNPRLAQIAYKALYDDVPLPAETMQVIRHGSFAYFKQLVEQGIADGSLVPDLDADTAAFVLNVVFTELGNHLIERFA,CHHHHHHHHHHHHHHHHHHCHHHHHHHHHCCCCCCCCCHHHHHHHHHHHHHHHHHHHHHHHHCCCECCCCCHHHHHHHHHHHHHHHHHHHHHHHC,95,FALSE
VTDRIGQMILEMFRTGMCLFSVRSPGGVAELYGGEARKVEITGTSLTIEREDWHLHCKLETVETVVFDLSPKDNGGIRMAVVFRDKHQAPVLRAAWLPRLMPETPSPPEQFWAFTQRYIDLPMVVDARNRQLV,CHHHHHHHHHHHHHHCCEEEEEEECCEEEEECCCCCCEEEEECCEEEEEECCEEEEEEHHHCCEEEEEEEECCCCCEEEEEEEECCCCCEEEEEEECHHHCCCCCCHHHHHHHHHHCCCCCCCEEEEECHHHC,133,FALSE
MLTYLEEQLEKHLGDYEVGLDWDRKNHTIEVIVRLYAENNEQVAIDDV,CHHHHHHHHHHHCCCCEEEEEEECCCCEEEEEEEEEEECCCCCCCCCC,48,FALSE
EFIEFEDGLLFYNPQKSVVDDEEYLVTIPYEGKKGLRKAVLDGFIHYLKVVLDEGQSDLLDFLSDETAEVFELHWEPADFEAMIKKVAETEKEQWIAYPS,CEEEEEEEEEEECCCCCCCCHHHCCCEEECCHHHCEEHHHHHHHHHHHHHHHHHHHHHHHHHCCCCCCCCCCCCCCHHHHHHHHHHHHCCCCCCEECCCC,100,FALSE
MKVGSQVIINTSHMKGMKGAEATVTGAYD,CCCCCEEEECCCCCHHHCCCEEEEEEEEC,29,FALSE
TTVYMVDYTSTTSGEKVKNHKWVTEDELSAK,CCEEEEEEEECCCCEEEEEEEEEECCCEEEC,31,FALSE
TTAYVVSYTPTNGGQRVDHHKWVIQEEIKDAGDKTLQPGDQVILEASHMKGMKGATAEIDSAEK,CCEEEEEECCCCCCCCEEEEEEEEHHHECCCCCCCCCCCCEEEECCCCCCCCCCCEEEEEEEEC,64,FALSE
KELKVLVLCAGSGTSAQLANAINEGANLTEVRVIANSGAYGAHYDIMGVYDLIILAPQVRSYYREMKVDAERLGIQIVATRGMEYIHLTKSPSKALQFVLEHYQ,CCEEEEEEECCCCHHHHHHHHHHHHHHHHCCCEEEEEEECCCCCCCHHHCCEEEECHHHHHHHHHHHHHHCCCCCEEEECCHHHHHHHHCCHHHHHHHHHHCCC,104,FALSE
LSKMLEKVAKESSVGTPRAINEDILDQGYTVEGNQLINHLSVRASHAERMRSNPDSVRSQLGDSVCSNTGYRQLLARGAILTYSFTEYKTNQPVATERFDAGSCR,CHHHHHHHHHHHHCCCCEECCCCEEEEEEEEECCEEEEEEEECHHHHHHHHHCHHHHHHHHHHHHHCCHHHHHHHCCCCEEEEEEEECCCCCEEEEEEECHHHHC,105,FALSE
EINADFTKPVVIDTDQLEWRPSPMKGVERRMLDRIGGEVARATSIVRYAPGSRFSAHTHDGGEEFIVLDGVFQDEHGDYPAGTYVRNPPTTSHVPGSAEGCTIFVKLWQFDPADRTQFSKN,CECCCCCCCCCCCHHHCCCEECCCCCEEEEEEEEECCCCCEEEEEEEECCCEECCCEECCCCEEEEEEEEEEEECCEEEECCCEEEECCCCEECCEECCCEEEEEEECCCCCCCCCCEEEC,121,FALSE
MEAELGAPVEGISTSLLHEDERETVTHRKLEPGANLTSEAAGGIEVLVLDGDVTVNDEVLGRNAWLRLPEGEALSATAGARGAKIWMKTGHLRFVRTPE,CCCCCCCCECCEEEEEEEECCCCEEEEEEECCCCEEEECCCCCEEEEEEEEEEEECCEEECCCCEEEECCCCCEEEEEEEEEEEEEEEECHHHHCCCCC,99,FALSE
ASFRVVLDPGHGGIDGGARGVTGILEKDVTLAFARALRDELQKGSHTIVALTRDSDIFLRLSERVKKAQEFDADLFISIHADTIDVHSLRGATVYTISDEASDAIAKSLAESENKVDLLDGLPKE,CCEEEEEEECCECCECCCECCCCCEHHHHHHHHHHHHHHHHHHCCCEEEEECCCCCCCCCHHHHHHHHHHCCCCEEEEEECCCCCCCCCCCEEEEEECCCCCCHHHHHHHHHHHHHHHHHCCCCC,125,FALSE
RRETHAFSINFANNVVSNLSKSHINLINNPHRYADFQVLKAPDVPSVLIEIGYLSNKEDEKLLNNPQWRKQMAASIAYSIRQFAEYR,CHHHHHHHHHHHHHHHHHHHHCCCCEEEEEEEEECCHHHCCCCCCEEEEECCCCCCHHHHHHHCCHHHHHHHHHHHHHHHHHHHHHC,87,FALSE
NPTFHADKPIYSQISDWMKKQMITGEWKGEDKLPSVREMGVKLAVNPNTVSRAYQELERAGYIYAKRGMGSFVTSDKALF,CCCCCCCCCHHHHHHHHHHHHHHCCCCCCCCECCCHHHHHHHHCCCHHHHHHHHHHHHHCCCEEEECCCEEEECCCCCCC,80,FALSE
DQLKKELADAITERFLEEAKSIGLDDQTAIELLIKRSRN,CHHHHHHHHHHHHHHHHHHHHCCCCHHHHHHHHHHHHCC,39,FALSE
SEKRLELYLLDTIRRVYESYGFTPIETPAVERLEVLQAKGNQ,CHHHHHHHHHHHHHHHHHHCCCEECCCCCEECHHHHHHHHCC,42,FALSE
RALKFDQTVPLAAYIARHLNDLTFPFARYQMDVVFRGE,CEECCCCHHHHHHHHHHHHHHCCCCEEEEECCEEECCC,38,FALSE
FRQFRQCDIDVVGREKLSLLYDAQMPAIITEIFEAVNIGDFVIRINNRK,CCEEEEEEEEEECCCCCCHHHHHHHHHHHHHHHHHHCCCCEEEEEEECC,49,FALSE
LGVSELETVITGVRNLGVPDKRFCIDLAIARGLNYYTGTVYETTLIGHEALGSICSGGRYEELVGTFIGEKMPGVGISIGLTRLISRLLKAGILNTLPP,CHHHHHHHHHHHHHHCCCCHHHEEECCCCCCCCCCEEEEEEEEEECCCHHHCCCCEEEEECCCCHHHCCCCCCEEEEEEEHHHHHHHHHHCCCCCCCCC,99,FALSE
VLTGFFQSLNISETQIKSCISIIDNLEKIGEAKVKLELEKEGINPEQTQKIIDFVKIDGSVDDVLDKLKHLSQTLPESEQFN,CHHHHHHHCCCCHHHHHHHHHHHCCHHHHHHHHHHHHHHHCCCCHHHHHHHHHHHCCCCCHHHHHHHHHHHHHHCCCCCCCC,82,FALSE
TPAQVVVVNMQDELMPTYLKVSQQLRQAGLNVITNFEKRQLGKQFQAADKQGIRFCVIIGADEAAAQKSSLKDLQSGEQVEVA,CCCCEEECCCCHHHHHHHHHHHHHHHHCCCCEEECCCCCCHHHHHHHHHHHCCCEEEECCHHHHHCCCCEEEECCCCEEEECC,83,FALSE
VLPTARFTSDITEGFAPLSVRFKDFSENATSRLWMFGDGNTSD,CCCECCEECCCCECCCCCCCCCEECCECCCEEEECCCCCCCCC,43,FALSE
TFFNEGEYIVSLIVSNENDSDSASVTIRA,CCCCCCEEEEEEEEECCCCEEEEEEEEEC,29,FALSE
NPNEAYRHYMKKLSYETDIADLSIDIKKGYEGIIVVDVRDAEAYKECHIPTAISIPGNKINEDTTKRLSKEKVIITYCWGPACNGATKAAAKFAQLGFRVKELIGGIEYWRKENGEVEGTLGAKADLFWNMKKESLE,CHHHHHHHHHHHHCCEEEHHHHHHHHHCCCCCEEEEECCCHHHHHHCECCCCEECCHHHCCCCCCCCCCCCCEEEEECCCCCCCHHHHHHHHHHHCCCEEEEEECHHHHHHHCCCCCECCCHHHCCCCCCCCCCCCC,137,FALSE
MKVAVLVGGVGRRIGMEKTEVMLCGKKLIEWVLEKYSPFQTVFVCRDEKQAEKLSSRYEAEFIWDLHKGVGSIAGIHAALRHFGSCVVAAIDMPFVKPEVLEHLYKEGEKAGCDALIPKHDYPEPLLAYYAESAADELERAILQGIRKILVPLERLNVVYYPVEKLRKFDKELISFFNINTPDDLKRAEEICSKM,CEEEEECCCCCCCCCCCHHHCEECCEEHHHHHHHHHCCCEEEEECCCHHHHHHHHCCCCCCEECCCCCCCCHHHHHHHHHHHHCCEEEEECCCCCCCHHHHHHHHHHHHHHCCCEEEEECCCECCCEEEECHHHHHHHHHHHHCCCCCCHHHHHCCCEEEEEHHHHCCCCCCCHHHCCCCCHHHHHHHHHHHHHC,195,FALSE
GMSFEITEEYYVPPEVLFNAFTDAYTLTRLSRGSLAEVDLKVGGKFSLFSGSILGEFTEITKPHKIVEKWKFRDWNECDYSTVTVEFISVKENHTKLKLTHNNIPASNKYNEGGVLERCKNGWTQNFLHNIEVILGYPKK,CCCEEEEEEECCCHHHHHHHHHCHHHHHHHCCCCCCEECCCCCCEEEECCCCEEEEEEEEECCCEEEEEEEECCCCCCCCEEEEEEEEEEECCEEEEEEEEECCCCCCCCCCCCHHHHHHHHHHHCHHHHHHHCCCCCEC,140,FALSE
DPMRDAIVDTAVELAAHTSWEAVRLYDIAARLAVSLDEIRLYFREKDELIDAW,CHHHHHHHHHHHHHHHHCCCCCCCHHHHHHHCCCCHHHHHHHCCCHHHHHHHC,53,FALSE
FDRADSRMLKEAESAGFLDLVASERIHHLIMIWLDALAVQRKVTRQMIMSKLE,CHHHHHHHHHHCCCCCHHHCCHHHHHHHHHHHHHHHHHCCHHHHHHHHHHCCC,53,FALSE
ALEESTLTTIYLMTFFFWMRDESENSRHTRQFLKRHLTMAAWL,CCCHHHHHHHHHHHHHHHHCCCCHHHHHHHHHHHHHHHHHHHC,43,FALSE
GAIIKNVKVPDNYEIKHLIGRGSYGYVYLAYDKNANKNVAIKKVNRMFEDLIDCKRILREITILNRLKSDYIIRLHDLIIPEDLLKFDELYIVLEIADSDLKKLFKTPIFLTEQHVKTILYNLLLGEKFIHESGIIHRDLKPANCLLNQDCSVKICDFGLARTIN,CCCCCCCCCCCCEEEEEEEEECCCEEEEEEEECCCCEEEEEEEECCCCCCHHHHHHHHHHHHHHHCCCCCCECCEEEECCCCCCCCCCCEEEEEECCCEEHHHHHHCCCCCCHHHHHHHHHHHHHHHHHHHHCCEECCCCCHHHEEECCCCCEEECCHHHCEECC,165,FALSE
TSHVVTRWYRAPELILLQENYTNSIDIWSTGCIFAELLNMMKSHINNPTNRFPLFPGSSCF,CCCCCCCCCCCHHHHCCCCCCCCHHHHHHHHHHHHHHHCCCCCCCCCHHHCCCCCCCCCCC,61,FALSE
EKSNRDQLNIIFNVIGTPPEEDLKCITKQEVIKYIKLFPTRDGIDLSKKYSSISKEGIDLLESMLRFNAQKRITIDKALSHPYLKDVRKENL,CHHHHHHHHHHHHHHECCCHHHHCCCCCHHHHHHHHCCCCCECCCHHHHCCCCCHHHHHHHHHHCCCCCCCCCCHHHHHCCHHHCCCCCCCC,92,FALSE
TEKIILPFDDWMVLSETQLRYIFLKEIQSFHADLIIPAKLN,CCCCCCCCCCCCCCCHHHHHHHHHHHHHHHCCCCCCCHHHC,41,FALSE
KSKFEASIDNLKEIEMNAYAYGLIREIVLPDMLGQDYSSMMYWAGKHLARKFPLESWEEFPAFFEEAGWGTLTNVSA,CCHHHHHHHHHCCCCCCHHHHHHHHCCHHHHHHHHHHHHHHHHHHHHHHHHCCCCCHHHHHHHHHHCCCCEEEECCC,77,FALSE
EFELEGPIISNRLKHQKEPCFQLEAGFIAEQIQLMND,CEEEECHHHHHHHHHCCCCCCHHHHHHHHHHHHHHCC,37,FALSE
LSEKLLEDYKTESSFFFASPTRTILAEGEFTTVKHHEIESFPELVQAVLRNAKQAGNPNPIVVGALPFDRRKEVQLIVPEYSRISERLQL,CHHHHHHCCCCCEEEEEEECCEEEEEECCCEEEEECCHHHHHHHHHHHHHHHHHCCCCCCEEEEEECCCCCCCEEEEECCEEEEECCCCC,90,FALSE
FEMTPVPDHEVYMKGVKQGIEKIKDGDLKKIVLSRSLDVKSSGKIDKQKLLRELAEHNKHGYTFAVNLPK,CEEEEECCHHHHHHHHHHHHHHHHCCCCCEEEEEEEEEEECCCCCCHHHHHHHHHHCCCCCEEEEEEECC,70,FALSE
ENSKTLIGASPELLVSRHGMQVISNPLAGSRPRSDDPVEDKRRAEELLSSPKDLHEHAVVVEAVAAALRPYCHTLYVPEKPSVIHSEAMWHLSTEVKGELKNPNTSSLELAIALHPTPAVCGTPMEEAREAIQKIEPFDREFFTGMLGWSDLNGDGEWIVTIRCAEVQENTLRLYAGAGVVAESKPEDELAETSAKFQTMLKALGLN,CCCEEEEEEECCEEEEEECCEEEECCEEEEEECCCCHHHHHHHHHHHHCCHHHHHHHHHHHHHHHHHHHHHEEEEECCCCCEEEECCCEEEEECCEEEEECCCCCCHHHHHHHHCCCCCCCEECHHHHHHHHHHHCCCCCCCCCCEEEEEECCCCEEEEECCCEEEEECCEEEEEEEEEECCCCCHHHHHHHHHHHHHHHHHHCCCC,207,FALSE
GIGSWVLHMESGRLEWSQAVHDIFGTDSATFDATEDAYFQRVHPDDRARVRRELDRHVL,CCCCEEEECCCCEEEECHHHHHHHCCCCCCCCCEHHHHHHHCCCCCHHHHHHHHHHHHC,59,FALSE
GDRPFDVEYRIVRPDGQVRELLERNHIQRQASGQVDHLWGTVIDMTE,CCCCEEEEEEEECCCCCEEEEEEEEEEEECCCCCEEEEEEEEEECCC,47,FALSE
SNAMERHQHLLSEYQQILTLSEQMLVLATEGNWDALVDLEMTYLKAVESTANITI,CHHHHHHHHHHHHHHHHHHHHHHHHHHHHCCCCHHHHHHHHHHHHHHHHHHHHHC,55,FALSE
VSMIFLQYGQIDVIDGAFVLIDKTGIRTHIPVGSVACIMLEPGTRVSHAAVRLAAQVGTLLVWVGEAGVRVYASGQPGGARSDKLLYQAKLALDEDLRLKVVRKMFELRFGEPAPARRSVEQLRGIEGSRVRATYALLAKQYGVTWNGRR,CCEEEECCEEEEEECCEEEEEECCCCEEECCHHHCCEEEECCCEEECHHHHHHHHHCCCEEEEECHHHCCEEEECCCCCCCHHHHHHHHHHHHCHHHHHHHHHHHHHHHHCCCCCCCCCHHHHHHHHHHCHHHHHHHHHHHHCCCCCCCC,150,FALSE
EKGDTINQCISAATSCLYGVTEAAILAAGYAPAIGFVHTGKPLSFVYDIADIIKFDTVVPKAFEIARRNPGEPDREVRLACRDIFRSSKTLAKLIPLIEDVLAAGEIQPP,CCCCHHHHHHHHHHCCHHHHHHHHHHHHCCCCCCCCCCCCCCCHHHHHHHHHHHHHCHHHHHHHHHHHCCCCCHHHHHHHHHHHHHCHHHHHCHHHHHHHHHHCCCCCCC,110,FALSE
MIRINEIKLPLDHEEGALLDAITKKLGIPAEKVISFNVFRRGYDAR,CEEEEEEEEECCCCCCHHHHHHHHHHCCCHHHEEEEEEEEEEECCC,46,FALSE
IHLIYTLDIIVEGDETALLAKFANDPHVRQTPDM,CEEEEEEEEEECCCHHHHHHCCCCCCCEEECCCC,34,FALSE
EYKFVAKAPENLTERPIVIGFGPCGLFAGLVLAQMGFNPIIVERGKEVRERTKDTFGFWRKRTLNPESNVQFGEGGAGTFSDGKLYSQVKDPNFYGRKVITEFVEAGAPEEILYVSKPHIGTFKLVTMIEKMRATIIELGGEIRFSTRVDDLHMEDGQITGVTLSNGEEIKSRHVVLAVGHSARDTFEMLHERGVYM,CCCCCCCCCCCCCCCCEEECCCHHHHHHHHHHHHCCCCCEEECCCCCHHHHHHHHHHHHHHCCCCCCCCCCCCCCHHHCCCCCCCCCCCCCCCCHHHHHHHHHHHCCCCHHHHCCCCCCCCHHHHHHHHHHHHHHHHHCCCEEECCCCEEEEEECCCEEEEEEECCCCEEECCCEEECCCCCCHHHHHHHHHCCCCC,197,FALSE
IKRGKDFQSVNLKGFYPAGEGAGYAGGILSAGIDGIKVAEAVARDIVAAMEN,CCCCCCCCCCCCECEEECHHHHCCCCCHHHHHHHHHHHHHHHHHHHHHHHCC,52,FALSE
EAKPFSVGFRIEHKQSMIDEARFGPNAGHPILGAADYKLVHHCKNGRTVYSFCMCPGGTVVAATSEEGRVVTNGMSQYSRAERNANSAIVVGISPEVDYPGDPLAGIRFQRELESNAYKLGGENYDAPAQKIGDFLKGRDPSQLGDVEPSFTPGIKLTDLSKALPPFAVEAIREAIPAFDRKIKGFASEDGLLTGVETRTSSPVC,CECCEEEEEEEEEEHHHHHHHHCCCCCCCCCCCCCCCCCEEECCCCCEEEEEEEEEEEEEEECCCCCCCCCEEEECCCCCCCCEEEEEEEEEECECCCECCCCCHHHHHHHHHHHHHHHHCCCCCCEEEEEHHHHHHCCCCCCCCCCCCCCCCCEEECCHHHCCCHHHHHHHHHHHHHHHCCCCCCCCCCCEEEEEECCCCCCEC,205,FALSE
RGSLRDLQYALQEKIEELRQRDALIDELELELDQKDELIQMLQNELDKY,CCHHHHHHHHHHHHHHHHHHHHHHHHHHHHHHHHHHHHHHHHHHHHHHC,49,FALSE
LEGSYIFCMNPLLDKLSDEDIREQLKAFVTGKTDSIRTDTELSFDIYVSETDYALIRYADSLCERLNDAGADVQIKQYSGTMLRSRAVSGKYEAFLSESDLVSTDALENADYIILDSAEM,CCCEEEEEECCCCHHHCCHHHHHHHHHHHCCCCCCCCCCCCCEEEEEEECCCHHHHHHHHHHHHHHHHCCCEEEEEEECHHHHHHHHHHCCCCEEEEECCCCCHHHHHCCEEEEEEHHHC,120,FALSE
VSGFQRLQKPVVSQPDFRRQPVSETMQVYLKQAADPGRDVGLYWMATDFENRRFPGKVSPSGFQKLYRQWRNQTGWDAYVQSCRAIWND,CCHHHHHCCCCCCCHHHHHCCCCHHHHHHHCCCCCHHHHHHHHHHHHCCCCCCCCCCCCHHHHHHHHHHHCCCCCHHHHHHHHHHHHCC,89,FALSE
VKYFPIPQSLDDTEDKISYVDSWMFERNYGGKRGHEGTDIMAEKNTPGYYPVVSMTDGVVTEKGWLEKGGWRIGITAPTGAYFYYAHLDSYAELEKGDPVKAGDLLGYMGDSGYGEEGTTGEFPVHLHLGIYLKEGTEEISVNPYPVLRYAENARIKCVYS,CCCCCCCEECCCCCCCEECCCCHHHHHCCCCCCCCCCEEEEECCCCCCCCEEECCCCEEEEEEEEECCCEEEEEEECCCCCEEEEEEECEECCCCCCCEECCCCEEEECECCCCCCCCCCCCCCCEEEEEEEEEECCEEEEECCHHHHHHCCCCCCEECCC,161,FALSE
TLDEFLKLPETEPASEYIEGKIIQKPMPQGKHSAIQSECVSVINSVVKPQRIARAFLELRCTFGDHSTVPDISVFIWSRIPREENGEIANIFLIAPDWTIEILSPDQSQTKVTKNILHCLKHGTQMGWLIDPDEQTVFVYRPQQETEVFDEPDALVPVPSFASELHLSIKDLFSWL,CHHHHCCCCCCCCCEEEECCEEEECCCCCHHHHHHHHHHHHHHHHHHCCCCCEEEEECCCEEECCEEECCCEEEEEHHHCCECCCCCECCCCCCCCCEEEEECCCCCCHHHHHHHHHHHHHCCCCEEEEEECCCCEEEEECCCCCCEEECCCCCECCCCHHHCCCCCEHHHHHCCC,176,FALSE
MKTRDKILLSSLELFNDKGERNITTNHIAAHLAISPGNLYYHFRNKSDIIYEI,CCHHHHHHHHHHHHHHHHCHHHCCHHHHHHHHCCCHHHHHHHCCCHHHHHHHC,53,FALSE
FQEYEKLVDYYLDIPEDRPITLEDMTFYLESVFDGLWSYRFFHRDLEYLLDSDPRLRQDYREFTNRCLAAINRIFAKLADAGIIQPQPEDLRSAMSLNVWLVITNWMAFLKTAH,CHHHHHHHHHHCCCCCCCCCCHHHHHHHHHHHHHHHHHCHHHHHCHHHHHHHCHHHHHHHHHHHHHHHHHHHHHHHHHHHCCCECCCCHHHHHHHHHHHHHHHHCHHHHHHHHC,114,FALSE
LTELKQGIYQVLTLEVPYLTPEYRERVLALREKYR,CCCHHHHHHHHHHHHHHHECHHHHHHHHHHHHCCC,35,FALSE
HTGGIMISSTGEVRVDNGSFHSDVDVS,CCCEEEECCCCEEEEEECCEEEEEEEC,27,FALSE
GFLRARGTIISKSPKDQRLQYKFTWYDINGATVEDEGVSWKSLKLHGKQQMQVTALSPNATAVRCELYVREAI,CCEEEEEEEEECCCCCEEEEEEEEEECCCCCECCCCCCCCEEEEECCCCEEEEEEECCCCCCCEEEEEEECCC,73,FALSE
QYVLTLSCPDRAGIVSAVSTFLFENGQNILDAQQYNDTESGHFFMRVVFNAAAKVIPLASLRTGFGVIAAKFTMGWHMRDRETRRKVMLLVSQSDHCLADILYRWRVGDLHMIPTAIVSNHPRETF,CEEEEEEEECCCCHHHHHHHHHHHCCEEEEEEEEEEECCCCEEEEEEEEEECCCCCCHHHHHHHHHHHHHHCCCEEEEEECCCCEEEEEEECCCCHHHHHHHHHHHCCCCCEEEEEEEECCCHHHC,126,FALSE
DIPFYHFPVNKDTRRQQEAAITALIAQTHTDLVVLARYMQILSDEMSARLAGRCINIHHSFLPGFKGAKPYHQAFDRGVKLIGATAHYVTSALDEGPIIDQDVERISHRDTPADLVRKGRDIERRVLSRALHYHLDDRVILNGRKTVVF,CCCEEECCCCCCCHHHHHHHHHHHHHHHCCCEEEECCCCCCCCHHHHHHCCCCEEEEEEECCCCCCCCCHHHHHHHHCCCEEEEEEEECCCCCCCCCEEEEEEEECCCCCCHHHHHHHHHHHHHHHHHHHHHHHHCCCEEEECCEEEEC,149,FALSE
KHLYFESDAATVNEIVLKVNYILESR,CEEEEECCHHHHHHHHHHHHHHHHHC,26,FALSE
SAKFMECLQYAAFKHRQQRRKDPQETPYVNHVINVSTILSVEACITDEGVLMAALLHDVVEDTDASFEDVEKLFGPDVCGLVREVTDDKSLEKQERKRLQIENAAKSSCRAKLIKLADKLDNLRDLQVNTPTGWTQERRDQYFVWAKKVVDNLRGTNANLELKLDEIFRQRGLL,CHHHHHHHHHHHHHCCCCECCCCCCCECHHHHHHHHHHHHCCCCCCCHHHHHHHHCCCHHHHCCCCHHHHHHHHCHHHHHHHHHCCCCCCCCHHHHHHHHHHCCCCCCHHHHHHHHHHHHHHHHHHHHCCCCCCCHHHHHHHHHHHHHHHHHHCCCCHHHHHHHHHHHHHHCCC,174,FALSE
NKLDYIPEPMDLSLVDLPESLIQLSERIAENVHEVWAKARIDEGWTYGEKRDDIHKKHPCLVPYDELPEEEKEYDRNTAMNTIKMVKKLGFRIEKED,CCCCCCCCCCCCCCCCCCHHHHCCHHHHHHHHHHHHHHHHHCCCCECCCCCECCCCECCCCCCHHHCCHHHHHHHHHHHHHHHHHHHHCCCCCCCCC,97,FALSE
ATAQINMLANKLMLKSSTAYTQKFGIGMTEWRIISVLSSASDCSVQKISDILGLDKAAVSRTVKKLEEKKYIEVNGHSEDKRTYAINLTEMGQELYEVASDFAIEREKQLLEEFEEAEKDQLFILLKKLRNKVDQM,CHHHHHHHHHHHHHHHHHHHHHHHCCCHHHHHHHHHHHHCCCECHHHHHHHHCCCHHHHHHHHHHHHHCCCEEEECCCCCCCCCEEEECHHHHHHHHHHHHHHHHHHHHHCCCCCHHHHHHHHHHHHHHHHHHHCC,136,FALSE
QVIFDKNVIEFVTVAAEFCAFLERAESMKRSTFVDTTLKILPLLYLKASMLPKCEMIGDESPETYVTEEIYEVLRINLASILAEKDDYLE,CHHHCHHHHHHHHHHHHHHHHHHCHHHCCHHHHHHHHHHHHHHHHHHHHCCCCCCCCCCCCCCCCCCHHHHHHHHHHHHHHHHHHCEEEC,90,FALSE
IKKNISEDLADIYQDIKDFIFVFQLGLNETMNDSLAICQENFGLLWGQKLVNTMRALHDVKYSPKARL,CEEEHHHHHHHHHHHHHHHHHHHHCCCHHHHHHHHHHHHHHHHHCHHHHHHHHHHHHHHHHHCCCCCC,68,FALSE
LSPREARDRYLAHRQTDAADASIKSFRYRLKHFVEWAEERDITAMRELTGWKLDEYETFRRGSDVSPATLNGEMQTLKNWLEYLARIDVVDEDLPEKVHVP,CCHHHHHHHHHHHHCCCCCHHHHHHHHHHHHHHHHHHHHCCCCCHHHCCHHHHHHHHHHHHCCCCCHHHHHHHHHHHHHHHHHHHHCCCCCCCCHHHCCCC,101,FALSE
DMISVFIGTWNMGSVPPPKNVTSWFTSKGLGKTLDEVTVTIPHDIYVFGTQENSVGDREWLDLLRGGLKELTDLDYRPIAMQSLWNIKVAVLVKPEHENRISHVSTSSVKT,CEEEEEEEEECCCCCCCCCCCHHHHCCCCEEECCCCCCCCCCCCEEEEEECCCCCCHHHHHHHHHHHHHHHHCCCCEEEEEEEECCEEEEEEECHHHHHHEEEEEEEEEEC,111,FALSE
KGAVGVSFMFNGTSFGFVNCHLTSGNEKTARRNQNYLDILRLL,CEEEEEEEEECCEEEEEEEEECCCCCCCHHHHHHHHHHHHHHC,43,FALSE
RFTHLFWFGDLNYRLDMDIQEILNYISRKEFEPLLRVDQLNLEREKHKVFLRFSEEEISFPPTYRYERGSRDTYAWHK,CCCEEEEEEECCCCECCCHHHHHHHHHCCCCHHHHCCEHHHHHHHCCCCCCCCECCCCCCCCCECECCCCCCCECCCC,78,FALSE
TNVPSWCDRILWKSYPETHIICNSYGCTDDIVTSDHSPVFGTFEVGVTS,CCCCECCEEEEEECCCCCCEEEEEEEECCCCCCCCECCEEEEEEEECCC,49,FALSE
PNPISIPIDLSQAGSVVEKEVKIEESWSYHLILQFAVHDRKEDGGLDGKRVWKFLGFNSYDPRDGKQVGYVDYRLAKSELGDLIDETYDCDGTVVPIKITIHQINQDNTKKLIADNLYMTKGNGSGAYTRDITTISLDKGKYIFRIENIEAFSEMIGRKVDFTIYINKR,CCCEEEEECCCCCCEEEEEEEEECCCEEEEEEEEECCCCCCCCCCHHHHHHHHHHCCCEECCCCCCEEECCCHHHHHHHHHHHCCCCCCCCCCCEEEEEEEEEECCCCCEEEEEEEEEEECCCCCCCCEEEEEEEEECCEEEEEEEEECCCCHHHCCCCEEEEEEECCC,169,FALSE
KKKVLIYGAGSAGLQLANMLRQGKEFHPIAFIDDDRKKHKTTMQGITIYRPKYLERLIKKHCISTVLLAVPSASQVQKKVIIESLAKLHVEVLTIPNLDDLVNGKLSIGQLKEVSIDDLLGR,CEEEEEECCCHHHHHHHHHHHHCCCEEEEEEECCCHHHCCCEECCEEEECHHHHHHHHHHHCCCEEEECCCCCCHHHHHHHHHHHHCCCCEEEECCCHHHHHCCCCCCCCCEECCHHHHHCC,122,FALSE
YLELNEIESIIKDINTKAQKMHSGIHKRFYLFVALMTEFQALNGMRIGEMLAIQNEDIDFDNKSLNINGTIHWFHDESGGFGVKDTTKTESSYRTIGLSSRSCEILKKAILENKKDSKWNDGYLNRNFVFTNHKGNPMQTERFNKILREAAKDVGIDKEVSSHILRHSHISLLSQQGVSLKAIMDRV,CCCHHHHHHHHHHHHHHHHCCCCHHHHHHHHHHHHHHHHHHHHCCCHHHHHCCEHHHEECCCCEEEECCEEEEEECCCCCEEEEECCCCCCCCEEEECCHHHHHHHHHHHHHHHHHHHHCCCCCCCCECCECCCCCECCHHHHHHHHHHHHHHCCCCCCCCHHHHHHHHHHHHHHCCCCHHHHHHHC,187,FALSE
REGTLFYDTETGRYDIRFDLESFYGGLHCGECFDVKVKDVWVPVRIEMGDDWYLVGLNVSRLDGLRVRM,CEEEEEEECCCCEEEEEEECCEECCCCCCCCEEEEEECCEEEEEEEEECCCEEEECCCCCCCCCCEEEC,69,FALSE
EPKPGDLIEIFRPFYRHWAIYVGDGYVVHLAP,CCCCCCEEEEEECCEEEEEEEEECCEEEEEEC,32,FALSE
KAIVKKELLYDVAGSDKYQVNNKHDDKYSPLPCSKIIQRAEELVGQEVLYKLTSENCEHFVNELRYG,CCEEEEEEHHHHHCCCEEEECCCCCCCCCCCCHHHHHHHHHHCCCCECCCCCCHHHHHHHHHHHHHC,67,FALSE
EVRLPIGPLVNNPLNMVHGGITATLLDTAMGQMVNRQLPDGQSAVTSELNIHYVKPGMGTYLRAVASIVHQGKQRIVVEGKVYTDQGETVAMGTGSFFV,CEEEECCCCCECCCCCECHHHHHHHHHHHHHHHHHHCCCCCCCCEEEEEEEEECCCCCCCEEEEEEEEEEECCCEEEEEEEEECCCCCEEEEEEEEEEC,99,FALSE
LKKILIIDQQDFSRIELKNFLDSEYLVIESKNEKEALEQIDHHHPDLVILDMDI,CCEEEEECCCHHHHHHHHHHHCCCCEEEEECCHHHHHHHHHHHCCCEEEEECCC,54,FALSE
LHSGADDYLTKPFNRNDLLSRIEIHLRTQNYY,CCCCCCEEECCCCCHHHHHHHHHHHHHHHHHC,32,FALSE
NELLEKAKKIKCLICDVDGVLSDGLLHIDNHGNELKSFHVQDGMGLKLLMAAGIQVAIITTAQNAVVDHRMEQLGITHYYKGQVDKRSAYQHLKKTLGLNDDEFAYIGDDLPDLPLIQQVGLGVAVSNAVPQVLEFADWRTERTGGRGAVRELCDLILNAQ,CHHHHHHHCCCEEEECCCCCCECCCCEECCCCCEECCECHHHHHHHHHHHHCCCEEEEECCCCCHHHHHHHHHHCCCEEECCCCCCHHHHHHHHHHHCCCHHHEEEEECCHHHHHHHHHCCEEEECCCCCHHHHHHCCEECCCCCCCCHHHHHHHHHHHHC,161,FALSE
DSASQAEQFLKLVHADKLTVPVYAQVQQMLAQRFAQAKAPESKKAVLERYQAKANAELDRAIGWDKIKPELIKLYTTNFTESELKDLNAFYQSPLGKKVLEKMPRLTAESAQLTQAKLQGAVEPVNKLMADMDKE,CCHHHHHHHHHHCCHHHHHHHHHHHHHHHHHHHHHHCCCCHHHHHHHHHHHHHHHHHHHHHHCHHHHHHHHHHHHHCCCCHHHHHHHHHHHHCHHHHHHHHHHHHHHHHHHHHHHHHHCCCHHHHHHHHHHHHHC,135,FALSE
MKKKPFSILFMGIEDYATKGQKGRSDSLIVVTLDPKNKTMKMLSIPRDTRV,CCCCCEEEEEEECCCCCCCCCCCCCCEEEEEEEEHHHCEEEEEEECCCEEC,51,FALSE
KINAAYSKGGKDETVETVENFLQIPIDKYVTVDFDGFKDVINEVGGIDV,CECCCCCCCCHHHHHHHHHHHHCCCCCEEEEECHHHHHHHHHHHCCCCC,49,FALSE
DKIAEKASENVETNIRITEGLALQQIYSGFTSKKIDTLSITGSDLYLGPNNTYYFEPDATNLEKVRKTLQEHLDYT,CCHHHHHHCCCEECCCHHHHHHHHHHCCCCCCCCCEECCCCEEEEEECCCCEEEEEECHHHHHHHHHHHHHHHCCC,76,FALSE
AMETLNDIKKILINVGLYQGFDLTDPKVSEEVNHETANMKWIKDYTSDGNWDNEFKEDLKNFLDYMEVCQLALNDKNFKIASNSLFMAMIYAGNLSLIFDSIKTDISTLLSAEYKKNSFSWPSL,CCCCHHHHHHHHHHHHHHCCCCCCCHHHHCCEECCCCEECCCCCCCCCCCHHHHHHHHHHHHHHHHHHHHHHHHCCCHHHHHHHHHHHHHHHHHHHHHHHHHHHHHHHHHHCCCCCCCCCCCCC,124,FALSE
LAIITGASQGIGAVIAAGLATDGYRVVLIARSKQNLEKVHDEIMRSNKHVQEPIVLPLDITDCTKADTEIKDIHQKYGAVDILVNAAAMFMDGSLSEPVDNFRKIMEINVIAQYGILKTVTEIMKVQKNGYIFNVAS,CEEEECCCCHHHHHHHHHHHHHCCCEEEEECCHHHHHHHHHHHHHHCCCCCCCEEEECCCCCHHHHHHHHHHHHHHHCCCCEEEECCCCCCCCCCCCHHHHHHHHHHHHCHHHHHHHHHHHHHHHHHCCEEEEEECC,137,FALSE
IYGSTKFALLGLAESLYRELAPLGIRVTTLCPGWVNTDMA,CHHHHHHHHHHHHHHHHHHHHHHCEEEEEEEECCECCCCC,40,FALSE
MIQPDDLLNTIRCLLNLSENVCIKDIVFEM,CECHHHHHHHHHHHHCCCCCCCCCEEEECC,30,FALSE
HHSHMLPPEQWSHTTVRNALKDLLKDMNQSSLAKECPLSQSMISSIVNSTYYANVSAAKCQEFGRWYKHFKKT,CHHHCCCHHHCCHHHHHHHHHHHCCCCCHHHHHCCCCCCHHHHHHHHHCCCCCCCCHHHHHHHHHHHHHHHHC,73,FALSE
AARPDGENPSAHETLAEGGRLRPEATYTIPARQGRAIRMAQGEALMVINRDGSQIGDFWAFVEGDCGEYLSMEHLRPTLRRVSPRPGDVLVSNRRRPILTLLEDSSPGVHDTLVASCDVHRYAQLGHEGYHDNCTDNLRMALGALGLRPTTVPCPLNLWMNTPVVEGGAMEWRPPVSRRGDHVLFRAELDVVVVISCCPMDLLPINGEEAQPRALDVRLRP,CCCCCCCCHHHCCCCCHHHCCCCCCCEEECCCCEEEEEECCCCEEEEECCCCCCCEEEEEEECCEEEEEECHHHHHHHHCCCCCCCCCEEEECCCCEEEEEEEECCCCCCECCCCCCCHHHHHHCCCCCCCCCHHHHHHHHHHCCCCCCCCCCCCEEECCCCCECCCCCECCCCCCCCCCCEEEEEECCCEEEEEEECCCCCCCECCECCCCCCEEEEEEC,221,FALSE
DTFERTGPLMEASSYPAWAQQLINDCSPAKARVVEHELYQQMRDAKLSPQIMRQYLIGGWPVVEQFAVYMAKNLTKTRFGRHPGEDMARRWLMRNIRVELNHADYWVNWCAAHDVTLEDLHDQRVAPELHALSHWCWQTSSSDSLAVAMAATNYAIEGATGEWSAVVCSTGVYAEAFAEETRKKSMKWLKMHAQYDDAHPWEALEIICTLVGNKPSLQLQAELRQAVTKSYDYMYLFLERCIQL,CCCCCCCCCCCHHHCCHHHHHHHHHHHHHHHHHHCCHHHHHHHCCCCCHHHHHHHHHHHHHHHHHHHHHHHHHHCCCCCCCCHHHHHHHHHHHHHHHHCCCHHHHHHHHHHCCCCCHHHHHHCCCCHHHHHHHHHHHHHHHHCCHHHHHHHCCCHHHHHHHHHHHHHHCCCHHHHCCCHHHHHHHHHHHHHHHCCCCCHHHHHHHHHHHHHCCCCCHHHHHHHHHHHHHHHHHHHHHHHHHHHC,244,FALSE
ARYIAIDWGSTNLRAWLYQGEECLESRQSEAGVTRLNGRSPAAVLAEITQHWRDGATPVVMAGMVGSNVGWKIAPYLPLPAAFSDIGQQLTAVGDNIWIIPGLCVSRDDNHNVMRGEETQLLGARAL,CEEEEEEECCCCEEEEEEECCEEEEEEEECCCCCCCCCCCHHHHHHHHCCCCCCCCCCEEEEEHHHCCCCCCCCCCEECCCCHHHHHHCCEEEECCEEECCCEEEEECCEEEEECCHHHHHHHHHHC,127,FALSE
APSSVYVMPGTHCKWVLADRRQIHDFRTVLTGELHHLLLQLSLVGAGLPPQETSAAAFAAGLQRGINNPAVLPQLFEVRASHVLGALPREQVSEFLSGLLIGAEVATLSDTFAGQQAISLVAGSSLTSRYQQAFAAIGREVSAVAG,CCCCEEEECCCCEEEEEECCCCEEEEEEECHHHHHHHHHHCCHHHCCCCCCCCCHHHHHHHHHHHHCCCCCHHHHHHHHHHHHCCCCCHHHHHHHHHHHHHHHHHHHHCCCCCCCCCEEEEECHHHHHHHHHHHHHCCCCEEEEEC,146,FALSE
SSYPIGAPIPWPSDSVPAGFALMEGQTFDKSAYPKLAVAYPSGVIPDMR,CCCCCCCCEEECCCCCCCCEEECECCECCCCCCHHHHHHCCCCECCECC,49,FALSE
GQTIKGKPSGRAVLSAEADGVKAHSHSASASSTDLGTKTTSSFDYGTKGTNSTGGHTHSGSGSTSTNGEHSHYIEAWNGTGVGGNKMSSYAISYRAGGSNTNAAGNHSHTFSFGTSSAGDHSHSVGIGAHTHTVAIGSHGHTITVNSTGNTENTVKNIA,CCCCCCCCCCCCCCCCCCCCCCCCCCCCCCCCCCCCCCCCCCCCCCCCCCCCCCCCCCCCCCCCCCCCCCCCCCCEECCCCCCCCCEECCCCCCCCCCCCCCCCCCCCCCCCCCCCCCCCCCCCCCCCCCCCCCCCCCCCCCCCCCCCCCCCCCCCCCC,159,FALSE